207401 2
426075 48
616742 8
43299 12
829747 4
458528 48
222018 8
620647 2
950323 8
157028 12
110018 4
115780 24
840709 2
824084 6
737635 8
240518 8
44782 4
492355 8
317382 24
620381 4
619148 6
910764 36
673087 4
55050 24
723298 4
603017 4
888106 8
235500 48
720113 4
635534 8
459279 6
685181 4
1022001 8
827576 32
884637 12
779944 16
814029 8
857624 32
676426 4
771298 8
851459 4
623965 4
953348 24
381822 16
875215 8
438721 2
975445 4
276212 12
388131 8
802637 8
183798 12
928918 4
909572 6
1022243 2
214372 6
872669 8
800987 4
900880 20
610206 8
840511 8
142953 8
752474 4
798170 8
138927 4
966499 2
944564 12
681525 36
630224 40
984157 8
35255 8
808628 12
825272 16
883886 8
272082 16
454681 4
481452 24
186510 16
270669 8
1047652 12
972554 8
181805 8
71188 18
328089 4
604769 4
793671 8
116893 4
985006 8
650719 8
334765 16
762070 8
521678 8
140853 8
405560 16
27698 8
384217 8
736901 8
1031370 32
649204 12
999383 8
406840 32
788880 80
833028 48
165131 4
154947 16
270127 8
1010623 2
950758 4
842898 48
629247 8
611481 8
877430 8
642666 16
179575 12
588473 8
77350 48
308703 8
760383 24
48750 40
279587 8
328385 4
621050 12
871078 8
104200 24
812413 8
295573 8
80131 4
463623 12
883535 8
312700 36
131894 8
445640 32
922530 64
798611 8
653188 12
700700 108
45210 32
757050 72
80177 2
775371 16
1006687 12
532279 12
970217 2
624483 16
558699 16
261984 24
988664 8
749395 8
115296 24
854796 12
189729 8
160542 20
181612 6
804098 4
548421 8
728559 18
1006250 48
820884 24
150036 12
836282 8
905897 2
1025329 4
84244 6
328682 4
415349 8
173852 18
862913 2
913288 8
580235 4
269854 16
529589 4
907708 12
140420 48
695932 12
95138 4
572136 32
37359 12
515753 4
587037 8
350037 24
584463 16
808491 8
827913 16
761309 4
288421 4
783794 16
43269 4
146769 16
775959 8
833992 16
425033 4
981172 24
970070 8
838292 48
832176 30
752406 16
